2720
73504638 2966309
30368042 53866577
47265625 17593384
42797852 9545899
69094848 10839844
82891845 59866333
7876587 1947022
99624633 68341064
65356445 75506592
58029175 13171387
70742798 87426757
15548706 65982056
92657470 98437500
54803467 18392945
59152222 38272095
88436889 84567260
26290894 53619385
1654053 57858276
86050415 43005371
48092651 49703979
54061890 31704712
64624023 88845825
27877808 89822387
20727539 9039307
56369018 46652222
68069458 3366089
10882569 4473877
5899048 73263550
98776245 4861451
27868653 50424194
9967041 50671387
65969848 19641114
37100220 36816406
97113037 20785523
60000610 92956543
28067017 58004761
34976196 91226196
24319458 94244384
79653930 22116089
98522949 59292602
93942260 91665649
24127198 49380493
7733155 43048096
89837646 46551514
96020507 55715942
60507202 35836792
51995850 25177002
60122681 48455811
58792114 76608276
42459107 9075928
50485229 15325928
65072632 15325928
2972413 67355347
32223511 27648926
45361328 13110352
22393799 97637939
32495117 67404175
65969848 12960816
69229126 8837891
88772583 87039184
27087403 11767579
87017822 71536255
43951416 83889770
49334717 19873047
47344971 62664795
91522216 79788208
92004394 73614502
19577027 43182373
52316284 3674317
86694336 31274414
60278320 92718505
59838867 43240357
29574585 96356201
61492920 46472168
56427002 23156739
2246094 36547852
37805176 99404907
69824219 45046997
97677612 64526367
90173339 23361206
61868286 50289917
26260376 80599975
72177124 46948242
30184937 3707886
80395508 9387207
14227295 37954712
12805176 6466675
56491089 55892944
45849609 66632080
6716919 92910766
83511352 22943116
7916260 77523803
77120971 10650635
99484252 34512329
78140259 20428467
17330933 89028930
64590454 60400391
56756592 49816895
31753540 30075073
13613892 99655151
87719726 59323120
69433594 71151733
44473267 15518189
36108399 36007691
45111084 31967163
25787354 85891723
17797852 60757446
61572266 33041382
97113037 3140259
94671630 8712769
3427124 20568848
43624878 87600708
20874024 79547119
21218872 16369629
64605713 33377075
64718628 74414062
77926635 93936157
35052490 44955444
49935913 96649169
567627 24624634
94281005 11718750
70974731 49658203
79711914 4791260
97119140 66793823
52978516 143433
2188111 27044678
44757080 49542236
59997558 30429077
99191284 59902954
85980224 99816894
17727661 82849121
56466675 11993409
57785034 19302368
21948242 64074707
76968384 42266846
29870606 3411866
63400268 90878295
22674561 99078369
42822266 38858032
26596070 83105468
3045655 90551757
96960449 39535523
26467896 7568360
35519409 69494629
71154785 19265747
45498657 10336304
91241455 20120240
39962769 37020874
37173462 7128907
69107055 23846436
26473999 60409546
82153320 94653320
25640869 20050049
89407348 39648438
33807373 62396240
40164185 26919556
8764649 28878784
82037353 86831665
26028443 10488892
17376709 97396850
11495972 41058350
22360230 48736572
38400269 2438355
44427490 14761353
29113770 94744873
43652344 10232544
52484131 74731445
93667602 61273193
57296753 15472412
7821656 67483520
32476807 90469360
6112671 83807373
34707642 35272217
88604736 207520
74026489 89779663
30889893 47366333
98068237 74325561
67266846 6442261
65567016 2685547
77209472 51095581
49737549 85104370
40814209 99822998
62152099 24511719
78793335 6802369
37783814 59005737
42681885 69329834
71768188 53762817
70846557 79965210
48577881 95492553
75955200 1562500
54180908 92529296
79504394 93249511
11856079 33743286
59054565 65518188
32247925 9356690
23782349 92535400
18307495 46786499
83959961 59826660
15753174 64660644
30035401 75411987
49645996 98132324
86886596 22549439
37741089 98596191
58905029 82217407
21197510 60934448
31518555 3424073
3329468 81460571
44781494 49530029
36962891 99609375
4684449 98635864
51058960 26583863
47744751 26211548
57214355 13992310
24578858 48083496
26693726 65710449
18023682 51889038
78558349 45968628
61459350 95141601
69577026 86901855
72952270 98007202
26519776 48614502
70846557 8938599
11441040 34918213
86419677 71310425
60623169 17846680
39233399 69107055
87747192 74111938
90820312 79882812
91970825 86557006
42285156 13049317
61499023 13818360
91513061 61651611
13305664 81243896
15539551 45724487
59588623 96246337
93771362 75405884
41616821 41174316
37615967 11883545
21606446 46868897
42230225 54312134
73193359 3052
25915528 30859375
61187744 87316894
72857666 21932984
51211548 29928589
44818115 93817138
39825440 10763550
77383423 70736694
45816040 48321533
26403809 23535157
53207397 19818116
80270385 3112793
46691895 86877441
3631592 96652221
30038452 26913452
28161621 34893799
68151855 23248291
56057739 28448487
43377686 17205811
91830444 61373901
66699219 75189209
68045044 20098877
34451294 73956299
80639648 85809326
71124267 57186890
99444580 68447876
48995972 66427612
69491577 10443116
25070191 99621582
68814087 38275147
86080932 265503
38278198 90032959
42108154 30386353
49124146 97055053
59436035 30401612
23837281 47836304
73327636 19039917
75949096 12225342
71276855 36431885
84414673 54159546
87408447 83450317
68179321 10952759
98635864 60516357
76593017 67352295
63198852 58917236
61221313 2401734
92196655 7772828
44772339 37326050
94790649 29833985
52694702 62487793
87609863 9152222
23104859 71578979
9103394 23815918
60650635 81164550
29330445 46841431
49957275 63705444
95956420 68344116
94259643 72171020
6939698 42150879
94860839 84402465
50653076 9909058
37023926 45300293
3979493 5905152
97958374 35006714
29055786 95642089
42477417 41177368
59277344 51336670
21975708 63488769
15164185 17465210
42382813 28503418
40768433 69467163
16650391 42984009
1187134 18734742
67453003 63842773
31842041 67013550
95703125 12796021
80136108 63363647
80529785 13876343
30145264 66757202
26284790 81924438
50891113 67483520
22305298 40173340
58929443 70455932
30929566 95071411
35775757 93569946
69515991 46447754
90869140 84222412
2001954 61160278
10650635 7101441
5654908 88336181
84399414 6417847
28662110 44351196
47473145 95669555
4159546 45654297
32531738 78045654
36315918 17559815
69396972 50653076
24136353 57162476
24188233 95632934
38558960 78460693
18322754 11334229
18536377 17840576
18032837 86633300
1635743 28027344
35006714 71557617
54885864 38647461
28799439 47308350
21398926 11517334
51614380 48849487
48471069 68777466
26104737 43118286
12744141 22009278
96804809 16076660
8050538 80447387
45803833 71624756
11593628 66418457
13323975 95587158
94058227 16143799
13790894 87863159
89312744 93997192
88055420 15835572
89291381 98388671
82348632 92242431
79693603 87362671
94628906 30538941
82138061 2026368
78958130 80947876
18389893 16009522
48474121 305176
62265015 88961792
67645263 58801269
94876098 52325439
74407959 36782837
28817749 5438233
22796631 14688111
16906739 50109863
86715698 9301758
11141968 41812134
15484619 59414673
87460327 85583496
81726074 14007569
1962281 54797363
12307740 26123047
94189453 60903931
42886353 5505372
3103638 52255249
86712646 33166504
11386109 70190429
58343506 90997314
83685302 40441895
42825317 9515381
14428711 28033447
51031494 86935424
50833130 33776856
51763916 82632446
6735230 60501099
21224976 38146973
32870484 27117920
491334 28863526
59213257 58676147
1644898 99475097
75027466 30517578
53128052 86346435
62219238 94650268
25018311 79940796
47647095 66488647
24780274 30383301
90005493 54932
4165650 49353027
66885376 29782105
67874145 11337281
77679443 7064820
24575806 7470704
27914429 9634400
70977783 55020142
10653687 51925659
49484253 15643311
50619507 74545288
70135498 25592041
26599121 40960693
37442017 90936279
37817383 19543457
72692871 50946045
29891968 79089355
72421264 62783813
45944214 75942993
93621826 10589600
18582154 60842895
6356812 92126464
68270874 83621215
4354859 86056518
23831177 23880005
14257813 53051758
30587769 25775147
94110107 73779297
61871338 65005493
61755371 76940918
99435424 26187134
43716431 60482788
98468017 18676758
85211181 59088135
2783204 9002686
11944580 61083984
25848389 98031616
84268188 27874756
63241577 20977783
34341431 19070435
52182007 98394775
26950073 76379394
43768311 16259766
34545899 69406128
3515625 63296509
67221069 56530762
5865479 3640748
48126221 63903808
38238526 12985230
75082397 35757446
80291748 56332397
58901977 59127808
74017334 35455322
79132080 16110230
50253296 84231567
47778320 66781616
27279663 39944458
21664429 15917969
47113037 68679809
54067993 66601562
65127563 72961426
26223755 13916016
58599853 59732056
49328613 81741333
69833374 96801757
77700805 55895996
49496460 35922241
23675537 16662598
15753174 30557251
14901734 23849488
94857788 26528931
84628296 57534790
58810425 53631592
35635376 67590332
25711060 96343994
68423462 35116577
38430786 71768188
14276123 98919677
87246704 92929077
63848877 50152588
92007446 45544434
31860352 48245239
9536744 56390381
48577881 61251831
81838989 81408691
18652344 83734131
90731811 91647338
37985230 35299683
34597778 85186767
9216309 92950439
92764282 3179932
46481323 60327148
93276977 78091430
10021973 26998902
49548340 92315673
61343384 20916748
81640625 75250244
79486084 7159424
87689209 16983033
29040528 36083985
81182861 26708985
20581055 94027710
59680176 13980103
54061890 59667969
20578003 20959473
85891723 19168091
89611816 83743286
10238648 43234253
77633667 50946045
95214843 79232788
31372070 37603760
64590454 61444092
93737793 42584229
65615845 92626953
39343262 7565308
13626099 99969482
827027 45776367
54013061 18627930
51623535 18557740
32202149 5865479
60824585 87927246
12268067 39038086
85708618 23217774
34820557 460816
17602539 89962768
54751587 2325440
46701050 99133300
49490356 54769897
61428833 44836426
38418579 30255127
48025513 8630372
4019165 27352905
5929566 58557129
55401611 87045288
44619751 21029663
24868775 64730835
77526855 53695679
38073731 10986329
78634643 97406005
48474121 64263916
17407227 35400391
76635742 8602906
37655640 37863159
45071411 99545288
95971679 19924927
49191284 11285401
25378418 91299438
55023193 8291626
39776611 25625611
64321899 94424438
44839478 27664185
37655640 42736816
71002197 26489258
16168213 59060669
94104003 72738647
32568360 82513427
59399414 68145752
52014160 76025390
74468994 5380249
33489990 10052491
86740112 46386719
52352905 92572021
11172486 17312622
74581909 48477173
23779297 48171997
23471070 1528931
86590576 35366821
29275513 61975098
19692993 55160522
2529908 72933960
85946655 6271363
21603394 18713379
4046631 9704590
75143432 48165894
55511475 43899536
50024414 16204834
1245118 43386841
5444336 96603393
73303222 39038086
23748780 69223022
57473755 68026733
78677368 34756470
32296753 31661987
11572266 60171509
80166626 29187012
56268310 7901001
36120606 45687866
3201294 51986694
89953613 22210694
43411255 34231568
7266236 86254882
83074951 63528442
85110473 70718384
69134521 11489869
7791138 99468994
16711426 7464600
18521118 67626953
78887939 86117553
72506714 94692993
49511719 90664672
87115478 78674316
39614868 84890747
54708862 29290772
18106079 77090454
33837891 8425904
57333374 9051514
84353637 55908203
74172973 13186646
62097168 28793335
7223511 90966796
38781738 32226563
20776367 15771485
62707519 70050049
76181030 13259888
25903321 93240356
61181641 22427368
53356934 74346924
17922974 90444946
79919433 86013794
60189819 4394532
30554199 11730957
20547486 13076783
69509888 66949463
17971802 41955566
34078980 58651733
86621093 54394531
18545533 61550903
56381226 62326050
23944092 38989258
25753784 39443970
39285278 86700439
17800904 40054321
69833374 27560425
59674072 76739502
78085327 35409546
76452636 59902954
53073120 16134644
39813233 52392578
73599243 24084473
62246704 42242432
81066894 41961670
77380371 86755371
27478028 2313233
97082519 30944824
14266968 78765869
85934448 53561401
87579345 25100708
43707275 43765259
5612183 90286254
36477661 61569214
43664551 87658691
67016601 85241699
52490234 46273804
25021363 98696899
35610962 22659302
7901001 22085572
61187744 1010132
52664185 38662720
74099731 60003662
69567871 21066284
23837281 34329224
18173218 10134888
73837280 49087524
16369629 49401855
7888794 55133057
23065186 28363037
99243164 43566895
85125732 37661743
58035278 67404175
89181518 89321899
22659302 48626709
8966065 5139161
10696412 98712158
88766479 26351929
95056152 30740357
53646851 47750855
20944214 91247558
87042236 29302979
29235840 89935302
66375732 88439941
1974488 55328369
97290039 26162720
95523071 94567871
37155151 90039062
77053833 85409546
48434448 27221680
29983521 78579712
72595215 30682373
43969727 38607788
65109253 31683350
55120850 1266480
82250976 41693115
51992798 75720215
60244751 96829223
13076783 69543457
77444458 7968140
91314697 64721680
40136719 69647217
11340332 22714234
82598877 30871582
95019531 46798706
22042847 80975341
80947876 79727173
59063721 53625488
53518677 64865112
64236450 2142334
47183228 48953247
41439819 49200439
41525269 54562378
8602906 64108276
12786866 439454
86413574 70709228
57479858 97790527
35711670 39108276
53656006 686646
34082031 64288330
75531006 38708496
32391358 84783935
27041626 9906006
81777954 44500732
9970093 62271118
71813965 50836182
92269897 41790772
70401001 32214356
92196655 35226441
6069947 48156738
43917847 85769653
83251953 55007935
60156250 9637452
71243286 80471801
57546997 91793823
57348633 10040284
60311890 88894653
4992676 38479614
47882080 17581177
7263184 89465332
62081909 56243896
76638794 56503296
39520264 38397217
61444092 68298340
84799194 65783691
29718018 31616211
50149536 19311524
11050415 54830933
37167359 95989990
37088013 5282593
86227417 49963379
71273803 3503418
69210815 65744018
68487549 7516480
51202393 41836548
55175781 90298462
36727905 12820435
70626831 63504028
66210937 88018798
60000610 50640869
78237915 34924317
59750366 62750244
3277588 85458374
66021728 79779052
4452515 93203735
26730347 90719604
31024170 19750977
47854614 95678710
201417 78262329
54638672 22973633
72869873 12387085
98294067 64410400
38916016 38665772
48825073 81823730
77731323 30520630
64633179 88055420
9555054 71975708
79489135 55453491
3231812 59240723
97509765 55065918
56076050 78256225
36776734 79574585
11401368 36340332
12210083 53189087
29385376 76083374
98330688 81555175
76876831 49563599
62518310 44836426
51776123 81069946
9399414 87072754
7608033 96395874
27026367 4977417
93908691 46881104
75387573 89245605
78067016 6307984
7977295 21539307
64236450 68743896
66955566 80273437
74938965 25534058
42590332 58288574
10980225 49465942
37579346 45590210
55331421 64334106
26876831 80227661
36563110 27951050
53646851 20483399
17483521 6762696
51986694 41473389
24584961 70214844
37020874 9262085
83953857 82928466
53018188 35668945
79248047 22900391
20126343 66864014
97344970 3762818
70364380 8853150
77337646 29296875
13522339 43029785
28479004 58285522
23526001 34866333
32659912 7846070
85986328 88922119
97128295 73367309
97448730 53231811
72994995 93170166
57086182 26269531
5200196 36007691
41348267 69549560
29553223 39575195
2267457 79019165
82449340 78085327
80032348 18383789
38934326 87081909
70419311 67456055
44677734 23623657
37744141 88665771
57565308 89920044
13958741 64868164
64437866 98577880
74475097 11566162
88674926 7568360
31411743 16665650
54229736 3070069
34805298 10897828
21719361 58248901
22488404 22033692
62216186 46176147
9213257 16006470
84362793 34954834
55657959 78073120
80422973 43191528
7931519 37152100
6915284 83966064
48233032 86434936
65432739 75381469
47250366 3414917
99285888 45855713
58944702 22460938
71591186 12258912
48355103 63064575
40438843 59020996
93017578 66836548
96725463 96350097
48657227 46472168
80352783 25677490
19754029 99710083
40325928 90447998
25619507 91488647
54458618 40396118
2609253 57357788
74258423 87402343
33081055 31338501
10614014 81106567
41763306 51303101
25967407 82354736
50091553 45013428
48529053 62619018
29214478 49969482
74185180 7528687
42236328 70153808
71746826 52630615
16345215 22821045
57125854 29483032
35461426 78451538
52081299 50250244
93997192 46994019
93185424 8880616
2404786 13528443
6570435 27014160
85067749 76452636
14157105 22753907
61230469 91342163
86932373 30395508
49560547 73608398
10931397 49273682
86944580 63055420
81524658 49822998
2191163 3482056
91687011 15005494
35232544 40447998
29785156 45196533
42449951 90335083
52609253 4684449
78778076 83798217
49191284 37902832
97180175 36801148
61087036 33483887
56109619 52267456
74719238 64331055
75659179 5551148
51416016 81762695
32907105 16802979
10781861 91891479
37182617 63400268
32995606 92352294
75836181 35516358
95700073 97521972
71130371 87985229
11050415 30310059
38888550 91586303
78637695 8712769
89550781 36871338
19808960 5191040
62197876 93640136
9075928 7025147
32244873 79217529
68225097 55801392
83367920 38647461
38742066 94088745
84329223 89904785
98175048 97488403
61303711 37310791
36077881 20141602
6332398 6182862
55154419 31872559
12545777 1956177
13198853 75024414
76757812 46798706
71499634 19149781
60083008 96923828
65322876 41705322
47171021 93661499
62066650 12823487
94702148 51461792
22753907 12307740
9771729 35949707
32455445 56994629
48788452 35110474
15304566 66595459
77478027 76788330
99694824 46118164
82681274 95593261
49279785 13024903
76501465 2355958
25460816 47259522
83483886 59216309
96905517 92227172
51422119 13549805
61776733 84881591
76403808 93753051
98287963 43048096
82772827 20114136
9204102 88088989
48565674 33825684
75881958 31051636
17111206 97283935
87561035 408936
85354614 68817138
61422729 39541626
9603882 4928589
19119263 52047729
19241333 93237304
35385132 23065186
79101562 69183349
24307251 94656372
91098022 19641114
78948974 23449707
75717163 26599121
29910279 98608398
24041748 53988647
38439942 48297119
60897827 30786133
89779663 12744141
9756470 33560181
2282715 12017823
18311 21536255
18029785 86660766
7318116 27331543
90460205 39321900
67443847 56484985
34747315 55456543
54528809 98880004
56460571 31268311
64117431 5239869
24188233 87011718
91741943 31756592
1733399 93750000
47634888 6024170
5490113 91741943
98187255 17388916
2651978 28524780
74816894 84817505
15863037 94873046
40808106 5468750
49942017 86727905
56805420 36999512
6298829 71209717
35571289 16845703
665284 84890747
26614380 71484375
49777222 42385864
21322632 18908692
42642212 83447265
19238282 17361451
61968994 36639404
46090698 63488769
71435547 27758789
64202881 93045044
34423828 11087037
65924072 87240600
79779052 51632690
90664672 37905884
80300903 36471558
56222534 74536133
59539795 43319702
44970703 6414795
92544555 44442749
35562134 82855224
16174317 74053955
20755005 24783325
14605713 37310791
2020264 30679321
95675659 89044189
1501465 10104371
23641968 60324097
82006836 47872925
24035645 61013794
15628052 51995850
26205445 36425781
91601562 88583374
59182739 6195069
4071045 56735229
66473389 63522339
10360718 6631470
55453491 62860107
350953 53900146
46926880 74249267
67660522 93392944
40530396 32327271
23159790 65515137
61563110 58236694
41528320 78204345
4901123 82476806
81433105 37695313
41601563 46875000
69958496 91232299
3817749 13775635
91931152 34771729
13684082 60583496
74746704 88888549
71737671 87783813
9323121 95944213
70574951 18566895
97824096 41696167
49285889 18173218
68753052 54418945
54370117 11093140
50073242 84707641
22698975 24246216
40927124 19052124
52194214 34249878
72662353 30361939
75796509 46942139
99688720 18481446
4409790 87213134
10876465 43908691
54409790 27362061
2090455 7778931
25320435 32012940
442505 81277466
43353272 47784424
80987549 37582398
36358643 15798951
66357422 89474487
55868530 35174561
50100708 85739135
11816407 55609131
34213257 69473266
35586548 27203369
21600342 51446533
37020874 85626220
54028320 1605225
70968628 759888
36193848 11892701
79058838 66952514
36581421 33450318
22268677 62979126
5679322 41397095
69961548 59875488
2224732 30230713
60977173 4739380
68051147 93051147
2426148 58630371
42230225 87692260
21792603 16693116
55062866 42864990
38003540 88656616
92602539 7504273
67050171 67770386
72302246 96389770
27807617 66381836
20416260 35153198
63693237 46206665
91787719 57876587
45727539 21475220
22640991 60314941
72717285 63046265
57019043 61917114
34106445 81619262
37463379 79766845
51132202 18173218
582886 67565918
61968994 19766236
68130493 22769165
66403198 28805542
74215698 15005494
95721435 63916015
19265747 38946533
23413086 20535279
91378784 44665527
82330322 69369507
45693970 48699951
3906250 80819702
82354736 78878784
45065308 53506470
13784790 56079102
18460083 75024414
61801147 66009521
91662597 93041992
75265503 24176026
70913696 24905396
8847046 87106323
35061646 83798217
53555298 13021851
35339356 49661255
59661865 25030518
26577759 62957764
42599487 79980468
45489502 69415283
12539673 96112060
1635743 93850708
18188477 42623901
96746826 71255493
45477295 44268799
37945557 13198853
61782837 4132081
60583496 37738037
46240234 97671508
26226807 40896607
96853637 41192627
11508179 37905884
54956055 87863159
53393555 52267456
37704468 54376221
66528320 80807495
19186402 31414795
98275756 12829590
50796509 81030273
37088013 31500244
61502075 74053955
39807129 75570678
28585816 70675659
93539428 89590454
59567261 97314453
77737426 40707398
75839233 22897339
42080689 30218506
38711548 87680053
65829468 77944946
8468628 87728881
14218140 7598877
77017212 68206787
57568359 11251831
64859009 28546143
68713379 21020508
22885132 92687988
64361572 66122436
29705811 47460938
6042481 43377686
25119019 2270508
26239014 79345703
70321655 73199463
95346069 12167359
75509643 44619751
95062255 71264648
85482788 11514283
13876343 83016967
63897705 55541992
30224610 80541992
66748047 58053589
98968505 45697022
45767212 3128052
6848145 61437988
72296142 73767090
12469483 2642823
22317505 94400024
36505127 43554688
13238526 22784424
17709351 9948731
33041382 44454956
393677 54125977
52465820 72821045
68948364 80917358
60800171 8087159
95071411 2761841
15960694 58047485
13327027 52041626
49407959 73950195
90631103 28729248
16632080 4504395
5325318 11544800
33706665 21188355
1425171 10705567
90649414 17971802
33712769 90386962
82138061 38571167
69250488 39056397
46255493 34371948
60995483 15774536
51840210 6143189
59069824 50592041
25112915 32659912
75387573 27185059
56198120 39364624
67202759 25833130
76119995 10205079
55239868 54882812
44952393 95742797
42022705 48788452
41735840 20693970
46011353 60925293
96749877 43988037
17187500 29202271
56820679 74511719
49716187 42691040
24243164 95632934
57305908 87332153
59960937 1635743
26873780 98886108
91650390 99194335
16171265 1214600
17285157 77026367
10968018 58062744
44851685 96804809
7446289 16421509
58810425 8517456
35397339 69635010
53952026 43344116
87875366 18338013
27252197 87207031
72924804 57397461
68365478 88104248
52984619 66918945
39370728 350953
87634277 35528565
84399414 18896485
45278931 93957519
59783935 6747437
99389648 87130737
25320435 68728638
74963379 62850952
87304687 74630737
60775757 5215455
33941651 84912109
53118896 90866088
53762817 82058715
46560669 96243286
77691650 60726929
37435913 33908081
35342407 79812622
55642700 46124268
66210937 29550171
90393066 33776856
76391601 16778565
25509644 48748779
81405639 21502686
49966431 27941895
25781250 27844239
59188843 96984863
20043946 82577514
12847901 21807862
85696411 84280395
64697265 36206055
48828125 56301880
30123902 23474121
72994995 6643677
7000733 80303955
71969604 27859497
15496827 41003418
93017578 40155029
72460937 90206909
11273194 30734253
65982056 42187500
25921631 92599487
45794678 14889527
98712158 15859986
95108032 76815796
25515747 34719849
99523925 94888305
81503296 83251953
78628540 61428833
30575562 63092041
95925903 28329468
39691162 76150512
12707520 26605225
88681030 25527954
1492310 99423217
16220093 37664795
84652710 26708985
92538452 8963013
13879395 69503784
59521484 29901123
56082153 12158204
28814697 89846801
1358033 30520630
78576660 15625000
58654785 64199829
39462280 47036743
54769897 21078492
10510254 2383423
2267457 92166137
95541381 37179566
51986694 4934693
665284 49148560
95748901 93246460
83566284 32617188
34854126 12017823
95169067 35467529
80065918 74740600
4309082 21755982
98641967 41952515
46026611 93093872
74041748 38845825
84143066 71978760
94009399 30065918
28692627 131226
32537842 29901123
98876953 55023193
41452026 75906372
72149658 37673950
17163086 44168091
10061646 34875488
58255005 34262085
1483155 8950806
79492187 2084351
13836670 18164063
97943115 68664551
92962646 20956421
56744385 83044433
2249146 67044067
2236939 67425537
41625977 28601074
80004883 22644043
37088013 74584961
65512085 22131348
41345215 41351318
94921875 72467041
36209107 2682496
11743164 68673706
77410888 92364502
94909668 22341919
72363281 82421875
83953857 90756225
31616211 70132446
66845703 85101318
84521484 76980591
46182251 85910034
99819946 12622071
49288940 43856812
1705933 7028199
97927856 94021606
22042847 63916015
3167725 61764526
79324341 38595581
1104737 88330078
25030518 93353271
94995117 54284668
47982788 33493042
19491577 28955078
77340698 77172851
92553711 23947144
74832153 62167358
70687866 78909301
56915283 42645264
73126220 57629394
37384033 79129028
90576171 82617187
31164551 74725342
44174194 86300659
9835816 60809326
10250855 6924439
49539185 85183715
76547241 7312012
61911011 5975342
45498657 44613648
48617554 44250488
50201416 69140625
70181274 98605346
98733520 80432129
69671631 74755859
12380982 18670655
41894531 33294678
73458862 19586182
88751220 8770752
48330688 10946656
51303101 3131104
1217652 78778076
59265137 6747437
64498901 81451416
88485717 50085449
81042480 39712525
67056274 39163208
84249878 80859375
20690918 77920532
31414795 65106201
97979736 30651856
56042480 72317505
66149902 27563477
54711914 77215576
17974854 66656494
74160766 91192627
80413818 15002442
14166260 98840332
65658569 62561035
11898804 67346191
55175781 31674195
23315430 56851196
57388306 95330810
67276001 9912110
29605103 7363892
47955322 48196411
4849244 97665405
21224976 54531860
14172364 35589600
20587158 68420410
45126343 14620972
8309937 73156738
26974488 61483765
67385864 2679444
83291626 22763062
99923706 46279907
42568970 32205200
47637939 79260254
47467041 11807251
99990844 97723388
53298950 9811402
5703736 85583496
56420898 28750611
53167725 91903686
43118286 46652222
35464478 46743774
99627685 84524536
65548706 93582153
73922729 23269654
57281494 66494751
29867554 23126221
37875366 90142822
84384155 48776245
7446289 30786133
68276977 53259277
11227417 76354980
1266480 23760987
40133667 73779297
21954346 42486572
25234986 1641846
63262939 65661621
41848755 6344605
14022828 73852539
88775634 79840088
57318115 96667480
58395386 7101441
26208496 65036011
63183594 61465454
67462158 94107055
34313965 75912475
53921509 49987793
57946777 68487549
36132813 3341675
64843750 49914551
73840332 23074341
38916016 91586303
38012695 13150025
60369873 82022094
23977661 45712280
49005127 49920654
66342163 93618774
23382569 81951904
96267700 15512085
41394043 13394165
31765747 96542358
37927246 19741822
41635132 97915649
25225830 87423706
73645019 18304444
71557617 91748046
87591552 20349121
23825074 60195923
83892822 25274658
89782714 49182129
68289184 28842163
45388794 12442017
43307495 41687012
83035278 89114379
67117309 7192994
66186523 89703369
70385742 51880
6109620 7995606
71774292 58590698
26278687 37094116
82672119 54025269
30123902 17663575
41842651 49758911
37704468 96557617
70559692 53814697
6967164 23870850
88873291 17602539
5191040 66650390
83645630 84060669
46258545 67288208
68960571 38351441
59365845 24795532
29544068 64227295
4800415 27032471
87817382 59182739
2435303 12054444
85211181 11505127
88516235 86672973
18359375 92385864
66412353 80383300
20788575 66180420
66928100 62750244
30776978 71978760
83813476 2410889
35919190 79550171
94605 95791626
35119629 72872925
70852661 43692017
8572388 64294433
78063965 3826905
36373902 92492675
23150635 97485351
56387329 7366944
72833252 98406982
2026368 94931030
23944092 82012939
10488892 45407105
2798462 63110351
42166138 17581177
64773559 216675
1809693 2600098
9701538 94570922
2047730 40277100
78701782 62042236
59945679 91091919
48098755 5984498
67172241 16946411
86013794 69195556
24447632 73867798
87298584 93127441
80859375 69729614
52407837 62405395
68679809 90145874
25827027 62869263
74337768 45642090
59716797 31188965
36129761 43267822
18365479 24200440
9320069 35705567
89093017 86123657
89248657 51092529
15219117 41729736
33068848 56582642
16729737 93615722
70761108 58877563
14263916 51712036
45993042 94729614
22048950 73147583
77520752 14678955
25396729 40563965
81710815 13027954
8410645 57064819
46813965 7244873
47497559 85873413
99633789 19924927
36325073 12832642
55197144 66387939
57867432 59915161
90051269 1083375
69131470 27795410
29827881 25900269
14196778 95675659
91693115 13513184
31225586 56454468
72290039 48919678
69015503 15359497
21826172 42218018
78756714 30221558
94918823 15844727
96633911 21411133
18817139 19326783
82821655 29693604
69635010 74703979
32611084 50021362
97219848 5743409
25177002 19421387
89270019 54058838
25701905 87152099
15347290 35284424
6433106 45156860
41387940 38394165
2307129 47048950
55355835 21325684
66772461 93643188
94631958 6002808
43435669 13259888
15817261 25924683
19140625 14859009
97528076 29379273
74142456 42144775
16806031 91482544
94949340 6796265
89831543 38110352
65496826 28894043
17465210 34872437
2282715 62725830
26345825 44265747
49032593 36044312
46090698 4086304
96603393 80953979
13259888 30288696
43688965 84494018
42712402 97363281
63955688 37100220
56964111 99386596
95278930 7019043
14169312 44851685
16656494 18853760
25384522 88424682
28436280 64291382
1684571 52731323
1513672 23239136
21813965 43310547
11065674 23385620
60952759 9857178
20520020 16394043
71240234 56884766
31304932 98806762
54702759 56909180
64068603 55816650
19158936 69320679
86962890 55996704
57791138 18023682
56631470 75143432
42929077 31005860
87490844 77349853
74774170 94937133
14990235 31414795
75573730 27935791
68417358 90740966
69982910 23626709
18920899 14834595
42129517 69607544
18319702 60522461
10110474 93453979
94406127 21035767
8459473 39401245
18261719 41052246
19274903 28796387
9332276 85855102
42587280 7479859
93756103 92706298
46612549 33197022
81698608 82586670
88528442 6179810
79214477 60397339
46353149 96008300
320435 81762695
52615356 67895508
94894409 14581299
70385742 61514282
58016968 73400879
2322388 25469971
36370850 54788208
73355102 60592651
97341918 51785278
77603149 75097656
76461792 75616455
30221558 4843140
68759155 62719726
14703369 1696778
79711914 95269775
66354370 43231201
1367188 13302613
82507324 66812134
29318238 46560669
106812 81228637
86087036 44195557
31347656 59002685
66601562 30432129
97885131 62457275
71368408 64370727
54351807 6735230
42953491 31964112
41732788 12820435
71411133 48397827
61254883 53765869
84289550 98901367
9408570 47158814
86831665 96197509
64736938 97042846
67996216 82656860
66973877 38366699
37908936 55310059
79244995 87088012
12399292 41839600
73849487 49066162
10247803 5664063
32327271 90890503
78704834 8261109
408936 25717163
13012696 6832886
88458252 17297364
85452270 15454102
58059692 55273437
49612427 7809449
85363769 4904175
35470581 89688110
41809082 84320068
912476 19274903
82855224 72448730
55334473 3485108
85351562 717164
20932007 48345947
24154663 31692505
47314453 91635131
28640747 77734375
45056152 95861816
9719849 62823486
53829956 29718018
97973632 80691528
10723877 16137696
83575439 52334595
34396362 75100708
98565673 36105347
90649414 39236450
32147217 93429565
55096435 70471191
19625855 63333130
38510132 55725098
95578002 48892212
90505981 9854126
51940918 68698120
47155762 63949585
91564941 76501465
38177490 67108154
17947388 2142334
19317627 79800415
51681519 16897583
45565796 86965942
14315796 76364135
50796509 8969117
70211792 43997192
49499512 38528442
67025757 48461914
26184082 81729126
65472412 77865600
28128052 31292725
98944091 64065552
27050781 50180054
53649902 60110474
65374756 93667602
9896851 63989258
52658081 48034668
35113526 91781616
27883911 13980103
69262695 53363037
53158569 12875367
93261718 33752442
54492187 44006348
21035767 33273316
75292968 70913696
5834961 69613647
58154297 64965820
1416016 94915771
20608521 84265136
68750000 31063843
40426636 16058350
68869018 76217651
16146851 60714722
32434082 85800171
18392945 85467529
46731567 80990600
97656250 25976563
50640869 87908935
64138794 63882446
78262329 60571289
5291748 58462524
41784668 90759277
56686401 60504150
94241333 57952881
91812133 86544799
62771606 22387696
46463013 81570434
93032836 14437867
43301392 48333740
95327758 23388672
32250977 71374512
33169556 38766480
12347412 13922120
44812012 47314453
50628662 15762329
38433838 38772583
63760376 70178222
51571655 23556519
77941894 8166504
15435791 15502930
32781983 67977905
14743042 82742309
44741821 78121948
83676147 19882202
95767211 32003784
28601074 44613648
62744140 82266235
18151856 71832275
53402710 32989502
31369019 68438721
64285278 57867432
4409790 41928101
26412964 22491455
66564941 65881347
54272461 38839722
6134034 95526123
63751221 30151367
56814575 76406860
74636841 34249878
45227051 99414062
63311767 23474121
90188598 5163575
81283569 69345093
94384765 90954589
5130005 30075073
19027710 23376465
33547974 89059448
82168579 9707642
97079467 22457886
71264648 31234741
96154785 24029541
10601807 91595459
33090210 65280151
74267578 83294677
53656006 19122315
85223388 25518799
63836670 25109864
91152954 76351928
37405396 24429322
57684326 72521972
79949951 42703247
69625854 99844360
64984131 48806763
80819702 47415161
7717896 67761230
3289795 48742676
92181396 75869751
76226806 62918091
17285157 56198120
5502320 98931884
77432251 42523193
14337159 36306763
43359375 29907227
95678710 45117188
58770752 79968261
7009888 58557129
18420410 99026489
98129272 1193238
43286133 17218018
12594605 25967407
18411255 46704102
53390503 63156128
9082032 47122192
53518677 34323120
20947266 76367187
42050171 34481812
19717408 54873657
46359253 35513306
76025390 21481324
21072388 14019776
51165771 9027100
44430542 56695557
89215087 17816162
72631836 46386719
31271362 15017701
92846679 81915283
17367554 38220215
65438843 34848023
91702270 31167603
96115112 96261596
76821899 89877319
28561402 16720581
32388306 47210693
98211669 92498779
64105224 74075317
37771607 1251221
98501586 25311280
75146484 40206909
89135742 8471680
14349366 70022583
69882202 3558350
40057373 17431641
20919800 11862183
36428833 39822388
63012695 62014770
60781860 4818726
45770264 51437378
62817383 88058471
45455933 51202393
89935302 42245483
37994385 52557373
69332886 40625000
62814331 83132934
7485962 47982788
43109131 71020508
97619628 22317505
78189087 84820556
75836181 314332
73526001 27810669
16482544 69705200
24118042 14300537
7406617 81692505
16781617 6384278
95721435 6524659
67047119 39135742
44702148 85366821
56216431 12423706
92443847 81579590
84265136 77444458
52896118 84539795
4187012 96105957
49911499 69122314
53378296 1403809
24914551 63986206
47772217 36871338
8853150 31747437
54238892 3280640
99002075 14215088
6970215 90679931
31298828 45782471
83416748 23925782
88806152 88098144
5410767 99789428
36914063 89178466
81143188 43814087
25958252 20016480
53546143 65011597
51812744 91900634
70770263 36538696
15145874 7492066
44360352 80477905
69903564 48822021
10723877 84838867
1699830 55340576
61575317 30914307
26705933 95108032
58941650 59115600
51663208 82299804
350953 51397705
85675048 44107056
49853516 58438110
44363403 90182495
488282 49627686
37042236 87750244
83810424 14071656
77514648 95507812
92126464 90682983
9140015 59436035
29046631 55484009
84771728 23645020
53961182 44296265
92218017 59411621
36132813 38867188
65817261 65457153
83935547 94619751
74786377 42684937
64938354 38140869
28945923 96429443
82440185 12484742
92440795 69390869
24060059 98486328
46127319 58331299
48031616 90167236
89178466 17709351
22805786 52352905
20599366 3338624
85620117 38665772
91241455 59225464
35617066 97970581
66940307 677491
27178955 47445679
93438720 96844482
79052734 40365601
3646851 5773926
64953613 6729126
57971191 65167236
1217652 94885253
58212280 91885376
97152709 92239379
25765991 93395996
83724975 53201294
84698486 44244385
86160278 12478638
40301514 30706787
56149292 11840821
93826294 16699219
29232788 18493653
83932495 34152222
22988892 63183594
95550537 50857544
41705322 76135254
26724243 19049073
3094483 48989868
54125977 57717895
52703857 827027
87777710 71871948
81652832 76416015
55703735 61819458
13323975 54827881
9054566 25634766
74612427 96520996
88391113 7885743
17361451 7009888
41711426 97793579
5654908 45294190
34851074 29946900
34500122 55105591
44921875 90628051
95639038 47158814
77352905 82998657
56011963 10485840
97210693 54135132
64562988 81002807
15377808 37142944
52978516 45425415
20275879 11422730
46005249 8673096
95681762 34213257
46966553 2859498
15325928 46588135
14083863 66015625
54873657 6930542
93258667 68661499
11895752 55130005
22915650 16369629
74499511 60531616
76541137 6399537
29183960 56817627
58554077 66595459
48614502 16918946
19107056 54605102
49871826 71096802
3460694 45590210
63867187 21301270
1565552 86535644
6469727 54968262
13442994 45294190
92071533 11328125
96038818 32452393
80120849 3393555
7116700 24218750
95294189 48733521
11871338 64370727
11947632 12164307
67852783 73452759
43420410 13476563
53826904 43328857
26870728 3317261
58233642 45181274
44238281 60382080
92800903 29159546
69946289 13000489
47015381 43701172
86019897 38281250
49011230 52755737
55181885 41891480
48556519 78939819
92596435 71655273
87710571 50830078
26870728 68054199
74801635 82461548
90933227 4766846
27380371 63183594
33422852 22363282
99707031 85992431
91213989 8312989
60449219 92471313
13690186 26373291
36212158 62435913
79415893 48556519
86483764 26467896
95794677 92715454
25683594 29382324
22384644 18966675
57888794 22833252
8453370 87988281
39877319 15127564
85418701 34371948
38128662 56381226
4809571 58148193
95379638 87188720
62341308 87582397
72402954 28839112
98767089 16400147
80569458 43319702
18087769 68542480
70880127 41113281
13803101 93591308
95062255 65026855
43768311 45971680
4370118 28063965
44314575 51092529
1681519 33584595
24261475 11495972
12557984 55761719
29431153 56198120
90887451 8554078
18289185 86300659
24682617 81259155
39352417 20019532
57748413 68792724
50982666 90261840
92749023 74844360
74172973 97857666
91384887 15969849
18975830 73587036
37234497 4827881
75204468 52114868
76931762 40594483
7977295 10968018
5288697 84786987
48818970 77676391
9979248 50509644
22848511 58203125
41433716 83343506
2761841 89791870
23535157 61932373
30178833 71350097
70773315 96432495
94992065 74487304
27471924 52947998
13366700 88363647
94689941 82049560
94992065 1437378
60482788 79537964
40203858 73242187
99057006 57537842
57623291 99359130
54541016 54095459
42941284 22647095
74926758 59341431
9429932 93908691
11840821 86431884
10873413 35076904
51751709 65277099
47476196 8074952
94259643 87304687
95422363 42474365
43072510 79290771
50680542 25054932
25305176 34423828
27700806 4394532
4727173 78732300
3625489 13656617
4574585 970459
48608398 64624023
5557251 24121094
32916260 16186524
34701538 46612549
51394653 70333862
10610962 31402588
55972290 98840332
60818481 71023559
36746216 53717041
76834106 6729126
42382813 64596557
22497559 29888916
80358886 76132202
61288452 43704224
87728881 28598023
18206787 13430786
13021851 34738159
41848755 83172607
99899291 56054687
82281494 87423706
13192749 31634522
50402832 35461426
97937011 62625122
74340820 96704101
12072754 5514527
18560791 65170288
23352051 77310180
81280517 31188965
11187745 25784302
35855103 38418579
63958740 67846680
31698609 54388428
12475586 49227905
20440674 32614136
90197754 28585816
22860718 94433593
60839844 39126587
2304078 8724976
3970337 30905152
60147095 97573852
99255371 46911621
18960572 46047974
99960327 36077881
9008789 44207764
36328125 56304932
23666382 39459229
39471436 70678711
59426880 27386475
26385498 89953613
6106568 59188843
36740112 64465332
2853394 93838501
62039184 78570556
25616455 73095703
57781982 50769043
21673584 47488403
79278564 92584228
56869507 31414795
31701660 29394531
91152954 15454102
75042724 36273193
48086548 14038086
74542236 92004394
93896484 76586914
37295532 4397583
91744995 40267944
25588990 10003663
46798706 52462769
87612915 1361084
7766724 41094971
96212768 84939575
40493775 60922241
36245728 22833252
39239502 93951416
31201172 61392212
91311645 32064820
49716187 99890136
60604858 19992066
82577514 2355958
5737305 86779785
30877686 5676270
98370361 43841553
95925903 27142334
57351684 77749634
11514283 24514771
64306640 15872193
9231568 11761475
76293945 92977905
57391357 83572387
1159668 96966552
64205932 51815796
51208496 21795655
85861206 46990967
40835571 5786133
30102539 87890625
43704224 83380127
95925903 72518921
75134277 28527832
40063477 93444824
15304566 17770386
10815430 30673218
38916016 91201782
39929199 25201416
66897583 39385986
33071900 86358642
5831910 94387817
49584961 36041260
90692138 53033447
12121582 43023682
96520996 10504151
36773682 50387573
34677124 32431030
24356079 49288940
99301147 43572998
3433228 2099610
79565429 61224365
65719604 68099975
3390503 51486206
84518432 34860230
28240967 36495972
56765747 8361817
44595337 30770874
59335327 65075683
7739258 34780884
60250854 19070435
63519287 63858032
75366211 7260132
83663940 40594483
11215210 45971680
76272583 28842163
84597778 61917114
87167358 37429810
59548950 50692749
57659912 71746826
92343139 65951538
54397583 61285400
25079346 92376709
36901856 41299439
18585205 5541993
78442383 16680909
65145874 71832275
5825806 86187744
71786499 91534423
73788452 55163574
54672241 38177490
39566040 14828492
35238648 97338867
53277588 16333008
78759765 57962036
29779053 17633057
65866089 59323120
17556763 31359863
37750244 46829224
30340576 51776123
5572510 39688110
57028198 88983154
64810181 63644409
15548706 88452148
5062867 51870728
66308594 64047241
56018066 67138672
50823975 22653199
60168457 48431397
71179199 8508301
12918091 35052490
75918579 45422363
60681152 71444702
68035888 4943848
97625732 45767212
616456 78631592
51678467 65393066
75845337 82577514
390625 22454834
12933350 72238159
7345581 52548218
607300 95791626
19671631 39721680
99822998 64053345
17321778 70877075
12283326 65148926
54730225 92730712
80386352 2011109
85501098 74411010
34277344 80889892
10696412 28863526
51562500 28924561
41390991 96157836
45370483 68969726
16143799 41848755
46337891 29760742
63916015 73480224
94183349 19561768
53179932 28405762
4455567 41406250
17755127 35989380
26126099 78076172
21363 7385254
55606079 24923706
2169800 55938721
22848511 98675537
86059570 1412964
15136719 332642
12341309 61108398
54196167 60293579
59457397 81024170
92257690 43853760
13174439 10192871
42672730 45141602
67211914 71304321
10742188 47695923
25653076 30712891
40368652 79736328
47738647 21038819
42126465 42312622
25653076 19378662
18441773 38406372
35955811 34341431
51422119 81161499
55270386 4992676
69052124 9310913
80847168 64810181
55303955 87979126
46652222 73849487
19824219 22952271
75558471 72149658
92828369 66546631
58331299 57604980
60797119 43203735
99960327 41326904
8630372 72949219
24038697 83694458
83874511 20806885
75735473 64199829
48626709 50341797
14050293 88189697
34783936 9402466
33950806 83666992
68215942 26226807
8999634 91226196
77523803 44033814
95141601 308228
52984619 72198486
86215210 34860230
71322632 82171631
61886597 41519165
51916504 26232910
18545533 83483886
60089111 7232666
23880005 93154907
23083496 77432251
85681152 86703491
74362182 94577026
75527954 93667602
91857910 13305664
97998046 4733277
45773315 40045166
46002197 90759277
21606446 29522705
32873535 96286010
33981323 50964355
41839600 60507202
96911621 2188111
83511352 68963623
66152954 99655151
2001954 89004516
19250489 22610474
20285034 92150878
88891601 39468384
65469360 16522217
15216065 94552612
64550781 72399902
32699585 83282470
51312256 44119263
57217407 94006347
74984741 91323852
88937378 44522095
51269531 2804566
96667480 91467285
46405029 5984498
99261474 40682983
34823609 85177612
9710694 36685181
21105957 11791993
57592773 59338379
66784668 39553833
55410767 5929566
12683106 67889404
24563599 86657714
37365723 26617432
46456909 11773682
42358399 85034179
54470825 98422241
4754639 38558960
32360840 75341797
87814331 76010132
34725952 13543702
50210571 80715942
95175170 61080933
44519043 68499756
37814331 10070801
45614624 15719605
57681274 74026489
99551391 80477905
85742187 3713990
33578491 70114136
4098511 19567871
17932129 58111572
26995850 88861084
19995117 3530884
13293457 25714112
41458130 76141357
25991822 42086792
79135132 40298462
4470826 27859497
18311 772095
65029907 88168335
71221924 63595581
95385742 16052246
35430908 15075684
58740234 28613281
72494507 72100830
73040771 44754028
37765503 6863404
81051635 32653809
17813111 99114990
76892090 5105591
94177246 19091797
4629517 90789795
55712891 94216919
94561767 59701538
50228882 62738037
52838135 30770874
15991211 67391968
70016479 39846802
83728027 92214965
64187622 96145629
89788818 95681762
24298096 5325318
91040039 43231201
69293213 87252807
22161866 92327880
88711547 66665649
85934448 33206177
80325317 64755249
17169190 38397217
50524902 69906616
10897828 24148560
92962646 15634156
55435181 76931762
11187745 43865967
60968017 48052979
839234 81726074
24246216 69598388
57022095 9899903
20068360 94778442
22512818 50729370
60113525 15811158
42422485 54168701
9820557 62460327
40902710 9710694
3860474 34384155
85574340 62411499
50894165 70379638
55252075 61145019
68194580 7672120
76638794 17202759
36807251 34368897
45574951 1397706
17794800 88204956
98477172 57723999
20281983 4693604
49618530 61773682
61871338 67828369
59829712 2017212
12057495 66442871
52301025 12011719
59271240 9356690
41036987 31771851
92214965 2432251
87680053 26306153
36032105 40692139
52236938 39569092
34020996 18576050
53399658 11822510
15469361 11489869
4064942 38659668
40243530 31787110
37643433 99713134
60760498 12277222
90863037 35232544
91976928 20379639
58584595 98635864
30007935 56106567
86376953 63162231
9985352 36929321
16345215 10757447
43832398 22695923
51965332 81295776
28515625 83700561
57446289 10293579
65447998 65060425
57299805 33209229
81634521 50503540
51754761 84494018
93228149 78668213
13568116 69464111
2053833 15109253
81951904 37179566
65798950 33059693
19174195 32394409
32452393 6127930
45474243 54757690
79611206 66009521
17944336 3350831
49319458 28402710
68963623 34719849
19018555 40158081
69833374 12481690
99267578 50900269
35235596 76681518
98849487 62145996
34127808 10989380
47872925 57104492
22717285 35876465
19503784 64263916
65133667 5895997
40985108 57897949
57409668 39184570
34506226 48593140
20407105 57321167
78582763 66961670
77334594 63647461
30599976 93637085
81433105 38226318
1077271 38668823
9497071 77478027
20330811 23477173
86837768 56704712
88150024 68457031
59323120 43576050
47100830 39392090
78094482 40725708
70083618 55743408
12628174 85556030
2777100 14019776
57723999 85412597
51586914 29290772
50067139 16241455
57739258 47985840
59994507 62808227
48120117 35122681
74075317 28701782
3488160 89050293
34130860 94134521
34729004 86892700
48336792 49758911
7699585 13739014
40011597 84561157
7366944 78787231
49731445 55996704
81811523 71496582
56381226 20468140
56732178 60916138
32785034 52285767
61105347 91314697
1538086 29223633
54583740 77197265
6631470 12802124
97280883 50885010
66555786 1431275
52575684 65750122
24450684 84524536
63531494 8233643
60968017 75708008
93585205 21786499
85440063 53268433
72125244 95852661
70989990 85949707
35549927 23001099
49249268 72201538
4489136 77359009
30209351 71087646
87774658 17462159
62951660 52844238
53778076 66625976
2786255 47366333
59777832 74002075
482178 18600464
79949951 9417725
79171753 43096924
22610474 95111084
14599610 20758057
77355957 27539063
84295654 95938110
82690429 92321777
1336670 17028809
54812622 25479126
98278808 12643433
68130493 24099732
76947021 12533570
28179932 59533691
89630127 91339111
27551270 96243286
67373657 63339233
25436402 69467163
60955810 6286622
41436768 24765015
10189820 42474365
4263306 72640991
7159424 55151367
45935059 61288452
69049072 68426513
82116699 20657349
86141967 68759155
69207763 80926513
60653686 96182251
78814697 18502808
2011109 83374023
80242920 32693482
94195556 70721435
71600342 6179810
781250 75454712
50189209 52374268
23306275 43045044
62738037 2856446
78570556 58923340
26187134 37930298
10522461 48690796
59573364 13507080
2319336 44931030
17694092 87380981
4235840 48742676
67132568 98046875
42980957 64123535
95309448 99194335
28134155 33346558
